1 2 __CrestInt __CrestInt __CrestInt __CrestInt
2 3
3
4 5 CREST_int CREST_int CREST_int CREST_int
5 6
6
7 8 CREST_int CREST_int CREST_int CREST_int
8 9
9
10 11 21
11 12 20
12 13 19
13 14 printf
14 15 18
15 16 17
16 22 printf
17 22
18 22
19 22
20 22
21 22
22 23
23
24 25 35
25 26 34
26 27 33
27 28 printf
28 29 32
29 30 31
30 36 printf
31 36
32 36
33 36
34 36
35 36
36 37
37
38 39 49
39 40 48
40 41 47
41 42 printf
42 43 46
43 44 45
44 50 printf
45 50
46 50
47 50
48 50
49 50
50 51
51
52 53 63
53 54 62
54 55 61
55 56 printf
56 57 60
57 58 59
58 64 printf
59 64
60 64
61 64
62 64
63 64
64 65
65
66 67 77
67 68 76
68 69 75
69 70 printf
70 71 74
71 72 73
72 78 printf
73 78
74 78
75 78
76 78
77 78
78 79
79
80 81 91
81 82 90
82 83 89
83 84 printf
84 85 88
85 86 87
86 92 printf
87 92
88 92
89 92
90 92
91 92
92 93
93
94 95 105
95 96 104
96 97 103
97 98 printf printf
98 99 102
99 100 101
100 106 printf
101 106
102 106
103 106
104 106
105 106
106 107
107
